&s2m
  s0%t     = 295.2
  s0%q     = 0.011533766429330563
  s0%o     = 5.433350530571789e-08
  s0%p     = 1013.0
  s0%u     = 0.0
  s0%v     = -7.0
  s0%wfetc = 50000.0
/
