&s2m
  s0%t     = 288.2
  s0%q     = 7488.49927299
  s0%o     = 0.0164756909121
  s0%p     = 1100.0
  s0%u     = -6.0
  s0%v     = 0.0
  s0%wfetc = 200000.0
/
