&s2m
  s0%t     = 288.2
  s0%q     = 7488.499272985327
  s0%o     = 0.016475690912068446
  s0%p     = 1094.4186571041148
  s0%u     = -6.0
  s0%v     = 0.0
  s0%wfetc = 200000.0
/
