&s2m
  s0%t     = 234.013
  s0%q     = 116.15276636741054
  s0%o     = 0.0006033775371745988
  s0%p     = 1013.25
  s0%u     = 0.0
  s0%v     = 0.0
  s0%wfetc = 100000.0
/
