&s2m
  s0%t     = 286.519
  s0%q     = 14863.945759909515
  s0%o     = 0.05466694998940806
  s0%p     = 1013.25
  s0%u     = 0.0
  s0%v     = 0.0
  s0%wfetc = 100000.0
/
