&s2m
  s0%t     = 216.233
  s0%q     = 15.538503631773583
  s0%o     = 0.0699837513467833
  s0%p     = 1004.71
  s0%u     = -1.39825
  s0%v     = -0.27037
  s0%wfetc = 100000.0
/
