&s2m
  s0%t     = 272.766
  s0%q     = 5725.525843336316
  s0%o     = 0.03669632583389366
  s0%p     = 996.319
  s0%u     = -3.12939
  s0%v     = 1.93913
  s0%wfetc = 100000.0
/
