&s2m
  s0%t     = 274.81
  s0%q     = 6115.52542319224
  s0%o     = 0.050772628230079046
  s0%p     = 1016.79
  s0%u     = 8.31799
  s0%v     = -1.2184
  s0%wfetc = 100000.0
/
