&s2m
  s0%t     = 218.259
  s0%q     = 35.603730788305995
  s0%o     = 0.00761065190235873
  s0%p     = 628.078
  s0%u     = -2.05388
  s0%v     = -3.43507
  s0%wfetc = 100000.0
/
