&s2m
  s0%t     = 254.785
  s0%q     = 754.0549720207938
  s0%o     = 0.039378583975446114
  s0%p     = 875.53882
  s0%u     = -6.0
  s0%v     = -4.0
  s0%wfetc = 100000.0
/
