&s2m
  s0%t     = 298.03
  s0%q     = 21865.320440344494
  s0%o     = 0.023421728342459817
  s0%p     = 1012.12701
  s0%u     = -6.0
  s0%v     = -4.0
  s0%wfetc = 100000.0
/
