&s2m
  s0%t     = 288.2
  s0%q     = 0.004670919869679925
  s0%o     = 2.7380110432631944e-08
  s0%p     = 1100.0
  s0%u     = -6.0
  s0%v     = 0.0
  s0%wfetc = 200000.0
/
