&s2m
  s0%t     = 277.555
  s0%q     = 4582.8309670259805
  s0%o     = 0.021070692008939285
  s0%p     = 988.71887
  s0%u     = -2.0
  s0%v     = -8.0
  s0%wfetc = 100000.0
/
