&s2m
  s0%t     = 272.2
  s0%q     = 0.0027391405603973116
  s0%o     = 4.590938025227964e-08
  s0%p     = 1100.0
  s0%u     = -3.0
  s0%v     = -1.0
  s0%wfetc = 200000.0
/
