&s2m
  s0%t     = 232.587
  s0%q     = 135.94856959198478
  s0%o     = 0.11195267539567344
  s0%p     = 846.416
  s0%u     = -0.347565
  s0%v     = 0.237808
  s0%wfetc = 100000.0
/
