&s2m
  s0%t     = 296.772
  s0%q     = 28178.567741493833
  s0%o     = 0.009148046939747224
  s0%p     = 989.424
  s0%u     = 1.4104
  s0%v     = -0.301392
  s0%wfetc = 100000.0
/
