&s2m
  s0%t     = 256.2
  s0%q     = 1403.02874461
  s0%o     = 0.017994717422
  s0%p     = 1030.0
  s0%u     = 10.0
  s0%v     = 3.0
  s0%wfetc = 50000.0
/
