&s2m
  s0%t     = 271.444
  s0%q     = 4578.015386775143
  s0%o     = 0.023885449147389715
  s0%p     = 1001.69598
  s0%u     = 4.0
  s0%v     = -9.0
  s0%wfetc = 100000.0
/
