&s2m
  s0%t     = 230.518
  s0%q     = 86.1169832264898
  s0%o     = 0.030441178271786048
  s0%p     = 668.43561
  s0%u     = 6.0
  s0%v     = 4.0
  s0%wfetc = 100000.0
/
