&s2m
  s0%t     = 300.744
  s0%q     = 33422.41634536822
  s0%o     = 0.01844761647284047
  s0%p     = 940.84637
  s0%u     = 2.0
  s0%v     = 8.0
  s0%wfetc = 100000.0
/
