&s2m
  s0%t     = 256.534
  s0%q     = 1253.8758215997727
  s0%o     = 0.026534687027171742
  s0%p     = 988.48132
  s0%u     = 8.0
  s0%v     = 7.0
  s0%wfetc = 100000.0
/
