&s2m
  s0%t     = 226.405
  s0%q     = 53.11827829862666
  s0%o     = 0.03417588453941979
  s0%p     = 634.40002
  s0%u     = 0.0
  s0%v     = 5.0
  s0%wfetc = 100000.0
/
