&s2m
  s0%t     = 282.249
  s0%q     = 10796.924714565273
  s0%o     = 0.004529748752289991
  s0%p     = 983.049
  s0%u     = 1.58897
  s0%v     = -3.80334
  s0%wfetc = 100000.0
/
