&s2m
  s0%t     = 234.721
  s0%q     = 119.79398510204634
  s0%o     = 0.07650437284598548
  s0%p     = 885.143
  s0%u     = 1.75734
  s0%v     = 6.60501
  s0%wfetc = 100000.0
/
