&s2m
  s0%t     = 250.952
  s0%q     = 670.8616425290306
  s0%o     = 0.03408301965990607
  s0%p     = 859.03522
  s0%u     = 0.0
  s0%v     = -5.0
  s0%wfetc = 100000.0
/
