&s2m
  s0%t     = 279.876
  s0%q     = 7152.0102793920905
  s0%o     = 0.0208749268382727
  s0%p     = 1007.99701
  s0%u     = -4.0
  s0%v     = -1.0
  s0%wfetc = 100000.0
/
