&s2m
  s0%t     = 282.488
  s0%q     = 7599.564360026364
  s0%o     = 0.02797953940234629
  s0%p     = 1029.69702
  s0%u     = -10.0
  s0%v     = 0.0
  s0%wfetc = 100000.0
/
