&s2m
  s0%t     = 291.379
  s0%q     = 17628.267785889326
  s0%o     = 0.04229100483464424
  s0%p     = 853.81128
  s0%u     = -4.0
  s0%v     = -1.0
  s0%wfetc = 100000.0
/
