&s2m
  s0%t     = 249.515
  s0%q     = 388.5030067524136
  s0%o     = 0.029105388074503292
  s0%p     = 698.06299
  s0%u     = 6.0
  s0%v     = 4.0
  s0%wfetc = 100000.0
/
