&s2m
  s0%t     = 244.309
  s0%q     = 388.69285911389073
  s0%o     = 0.024096030403153917
  s0%p     = 659.13593
  s0%u     = -10.0
  s0%v     = -10.0
  s0%wfetc = 100000.0
/
