&s2m
  s0%t     = 286.294
  s0%q     = 9880.65677788871
  s0%o     = 0.07604671751533186
  s0%p     = 1030.9
  s0%u     = -0.319153
  s0%v     = 0.835098
  s0%wfetc = 100000.0
/
