&s2m
  s0%t     = 302.199
  s0%q     = 23385.42660575457
  s0%o     = 0.030213036749811076
  s0%p     = 1009.28802
  s0%u     = -2.0
  s0%v     = 2.0
  s0%wfetc = 100000.0
/
