&s2m
  s0%t     = 298.341
  s0%q     = 28355.69022113847
  s0%o     = 0.02708565394382652
  s0%p     = 946.73547
  s0%u     = -10.0
  s0%v     = 0.0
  s0%wfetc = 100000.0
/
