&s2m
  s0%t     = 265.89
  s0%q     = 3034.92121423647
  s0%o     = 0.02192266390345167
  s0%p     = 862.50421
  s0%u     = -8.0
  s0%v     = 3.0
  s0%wfetc = 100000.0
/
