&s2m
  s0%t     = 286.954
  s0%q     = 5033.644240088526
  s0%o     = 0.017650404661274103
  s0%p     = 988.67932
  s0%u     = 0.0
  s0%v     = 5.0
  s0%wfetc = 100000.0
/
