&s2m
  s0%t     = 286.894
  s0%q     = 10955.984963593603
  s0%o     = 0.0005968362661333236
  s0%p     = 1011.76
  s0%u     = 7.8822
  s0%v     = 7.58321
  s0%wfetc = 100000.0
/
