&s2m
  s0%t     = 298.984
  s0%q     = 24794.50225950238
  s0%o     = 0.024954923563880693
  s0%p     = 1006.75702
  s0%u     = 4.0
  s0%v     = -9.0
  s0%wfetc = 100000.0
/
