&s2m
  s0%t     = 262.721
  s0%q     = 1316.2751362077267
  s0%o     = 0.032512548136430695
  s0%p     = 991.1839
  s0%u     = -10.0
  s0%v     = -10.0
  s0%wfetc = 100000.0
/
