&s2m
  s0%t     = 295.649
  s0%q     = 16643.311945325368
  s0%o     = 0.02613437569142267
  s0%p     = 1016.61102
  s0%u     = 0.0
  s0%v     = -5.0
  s0%wfetc = 100000.0
/
