&s2m
  s0%t     = 299.507
  s0%q     = 31181.80125392202
  s0%o     = 0.02136331321872989
  s0%p     = 974.59308
  s0%u     = 2.0
  s0%v     = 8.0
  s0%wfetc = 100000.0
/
