&s2m
  s0%t     = 259.742
  s0%q     = 2055.254388878497
  s0%o     = 0.0006022073908975498
  s0%p     = 806.646
  s0%u     = -0.057312
  s0%v     = 2.97234
  s0%wfetc = 100000.0
/
