&s2m
  s0%t     = 242.961
  s0%q     = 362.47181560609476
  s0%o     = 0.10042373700733974
  s0%p     = 804.655
  s0%u     = -7.71291
  s0%v     = 2.71536
  s0%wfetc = 100000.0
/
