&s2m
  s0%t     = 251.339
  s0%q     = 786.5588381868738
  s0%o     = 0.02442217540081234
  s0%p     = 1007.16998
  s0%u     = -10.0
  s0%v     = -10.0
  s0%wfetc = 100000.0
/
