&s2m
  s0%t     = 232.582
  s0%q     = 105.45366972781989
  s0%o     = 0.07730012679372561
  s0%p     = 1013.42
  s0%u     = 1.91405
  s0%v     = 3.93846
  s0%wfetc = 100000.0
/
