&s2m
  s0%t     = 309.429
  s0%q     = 7080.252559861295
  s0%o     = 0.045523086704711245
  s0%p     = 968.28778
  s0%u     = 6.0
  s0%v     = 4.0
  s0%wfetc = 100000.0
/
