&s2m
  s0%t     = 298.628
  s0%q     = 27663.55525486591
  s0%o     = 0.01785141649000934
  s0%p     = 1011.53101
  s0%u     = 4.0
  s0%v     = 1.0
  s0%wfetc = 100000.0
/
