&s2m
  s0%t     = 298.78
  s0%q     = 26582.56989015471
  s0%o     = 0.016634730463147146
  s0%p     = 1010.98499
  s0%u     = -6.0
  s0%v     = -4.0
  s0%wfetc = 100000.0
/
