&s2m
  s0%t     = 220.0
  s0%q     = 16.89181466177755
  s0%o     = 0.03296064322551857
  s0%p     = 666.69312
  s0%u     = 0.0
  s0%v     = 5.0
  s0%wfetc = 100000.0
/
