&s2m
  s0%t     = 285.383
  s0%q     = 8754.315127887097
  s0%o     = 0.027092528809787617
  s0%p     = 993.45612
  s0%u     = -4.0
  s0%v     = -1.0
  s0%wfetc = 100000.0
/
