&s2m
  s0%t     = 285.432
  s0%q     = 8311.981877099806
  s0%o     = 0.018684988962264434
  s0%p     = 1002.00598
  s0%u     = 4.0
  s0%v     = 1.0
  s0%wfetc = 100000.0
/
