&s2m
  s0%t     = 288.375
  s0%q     = 15844.150649374524
  s0%o     = 0.06436898372143514
  s0%p     = 1006.84
  s0%u     = 1.65379
  s0%v     = 20.055
  s0%wfetc = 100000.0
/
