&s2m
  s0%t     = 244.329
  s0%q     = 321.0129176159468
  s0%o     = 0.031747905239661055
  s0%p     = 765.89099
  s0%u     = -6.0
  s0%v     = 6.0
  s0%wfetc = 100000.0
/
