&s2m
  s0%t     = 297.916
  s0%q     = 29994.10402033571
  s0%o     = 0.003304697839161147
  s0%p     = 968.303
  s0%u     = -0.00527954
  s0%v     = 1.25745
  s0%wfetc = 100000.0
/
