&s2m
  s0%t     = 299.508
  s0%q     = 31036.952277891625
  s0%o     = 0.017478543040030478
  s0%p     = 951.90948
  s0%u     = 8.0
  s0%v     = 7.0
  s0%wfetc = 100000.0
/
