&s2m
  s0%t     = 267.268
  s0%q     = 3682.552039436273
  s0%o     = 0.04657927667109188
  s0%p     = 976.906
  s0%u     = 6.05211
  s0%v     = -0.970993
  s0%wfetc = 100000.0
/
