&s2m
  s0%t     = 238.373
  s0%q     = 214.0285599416389
  s0%o     = 0.07882174870651583
  s0%p     = 949.354
  s0%u     = 1.17723
  s0%v     = 0.821594
  s0%wfetc = 100000.0
/
