&s2m
  s0%t     = 238.013
  s0%q     = 216.49220808317259
  s0%o     = 0.07377299792385116
  s0%p     = 1049.36
  s0%u     = 4.00602
  s0%v     = 5.7005
  s0%wfetc = 100000.0
/
