&s2m
  s0%t     = 250.701
  s0%q     = 776.9721868254526
  s0%o     = 0.006534541198694341
  s0%p     = 833.905
  s0%u     = 1.38373
  s0%v     = 1.32913
  s0%wfetc = 100000.0
/
