&s2m
  s0%t     = 246.352
  s0%q     = 470.25575548292767
  s0%o     = 0.020100843015680516
  s0%p     = 779.86407
  s0%u     = 6.0
  s0%v     = -6.0
  s0%wfetc = 100000.0
/
