&s2m
  s0%t     = 273.317
  s0%q     = 5619.26541873343
  s0%o     = 0.02228009473902786
  s0%p     = 905.85559
  s0%u     = 4.0
  s0%v     = -9.0
  s0%wfetc = 100000.0
/
