&s2m
  s0%t     = 240.155
  s0%q     = 136.332410939436
  s0%o     = 0.031146453149966547
  s0%p     = 717.06042
  s0%u     = -4.0
  s0%v     = 9.0
  s0%wfetc = 100000.0
/
