&s2m
  s0%t     = 289.908
  s0%q     = 13601.060418316009
  s0%o     = 0.023233246063331152
  s0%p     = 1016.29602
  s0%u     = -4.0
  s0%v     = 9.0
  s0%wfetc = 100000.0
/
