&s2m
  s0%t     = 278.869
  s0%q     = 8054.872182513777
  s0%o     = 0.018040704428642185
  s0%p     = 947.1618
  s0%u     = 8.0
  s0%v     = -3.0
  s0%wfetc = 100000.0
/
