&s2m
  s0%t     = 298.7
  s0%q     = 0.015269199884731119
  s0%o     = 4.681752862088493e-08
  s0%p     = 950.0
  s0%u     = 5.0
  s0%v     = 2.0
  s0%wfetc = 100000.0
/
