&s2m
  s0%t     = 302.612
  s0%q     = 28227.276649700812
  s0%o     = 0.018118410895049324
  s0%p     = 974.8952
  s0%u     = 8.0
  s0%v     = -3.0
  s0%wfetc = 100000.0
/
