&s2m
  s0%t     = 299.86
  s0%q     = 29446.873037966194
  s0%o     = 0.01991254733994196
  s0%p     = 960.87073
  s0%u     = -2.0
  s0%v     = 2.0
  s0%wfetc = 100000.0
/
