&s2m
  s0%t     = 236.252
  s0%q     = 67.97135012872994
  s0%o     = 0.05818957698199673
  s0%p     = 870.787
  s0%u     = 5.49971
  s0%v     = 1.47195
  s0%wfetc = 100000.0
/
