&s2m
  s0%t     = 256.2
  s0%q     = 1403.0287446138175
  s0%o     = 0.01799471742202206
  s0%p     = 1030.0
  s0%u     = 10.0
  s0%v     = 3.0
  s0%wfetc = 50000.0
/
