&s2m
  s0%t     = 298.42
  s0%q     = 28368.340898133556
  s0%o     = 0.022132020257354133
  s0%p     = 1007.19
  s0%u     = 8.0
  s0%v     = -3.0
  s0%wfetc = 100000.0
/
