&s2m
  s0%t     = 301.53
  s0%q     = 22032.340021360767
  s0%o     = 0.031228756708735896
  s0%p     = 1014.245
  s0%u     = -2.0
  s0%v     = 2.0
  s0%wfetc = 100000.0
/
