&s2m
  s0%t     = 265.262
  s0%q     = 2939.6629036712193
  s0%o     = 0.02335693604475118
  s0%p     = 885.86108
  s0%u     = 8.0
  s0%v     = -3.0
  s0%wfetc = 100000.0
/
