&s2m
  s0%t     = 271.218
  s0%q     = 4274.986031471642
  s0%o     = 0.035943980271740124
  s0%p     = 888.99329
  s0%u     = 6.0
  s0%v     = -6.0
  s0%wfetc = 100000.0
/
