&s2m
  s0%t     = 266.829
  s0%q     = 1491.9308166509927
  s0%o     = 0.03473939378737865
  s0%p     = 751.82202
  s0%u     = -8.0
  s0%v     = 3.0
  s0%wfetc = 100000.0
/
