&s2m
  s0%t     = 305.854
  s0%q     = 18097.26776854469
  s0%o     = 0.0005925268759546143
  s0%p     = 1001.51
  s0%u     = -6.05528
  s0%v     = -1.22935
  s0%wfetc = 100000.0
/
