&s2m
  s0%t     = 295.41
  s0%q     = 16330.584534729776
  s0%o     = 0.026311484625689684
  s0%p     = 1007.30103
  s0%u     = 0.0
  s0%v     = -5.0
  s0%wfetc = 100000.0
/
