&s2m
  s0%t     = 251.194
  s0%q     = 653.107172257286
  s0%o     = 0.02275063168866998
  s0%p     = 913.42358
  s0%u     = -2.0
  s0%v     = -8.0
  s0%wfetc = 100000.0
/
