&s2m
  s0%t     = 270.186
  s0%q     = 4021.055831502035
  s0%o     = 0.02262396051047068
  s0%p     = 988.48132
  s0%u     = 2.0
  s0%v     = -2.0
  s0%wfetc = 100000.0
/
