&s2m
  s0%t     = 265.207
  s0%q     = 2576.5741164451756
  s0%o     = 0.036848112849443934
  s0%p     = 876.30151
  s0%u     = 4.0
  s0%v     = 1.0
  s0%wfetc = 100000.0
/
