&s2m
  s0%t     = 273.168
  s0%q     = 4497.758766074176
  s0%o     = 0.022394221117453653
  s0%p     = 977.9411
  s0%u     = -2.0
  s0%v     = -8.0
  s0%wfetc = 100000.0
/
