&s2m
  s0%t     = 284.789
  s0%q     = 11774.31376126009
  s0%o     = 0.02689930553428125
  s0%p     = 1018.25897
  s0%u     = -10.0
  s0%v     = 0.0
  s0%wfetc = 100000.0
/
