&s2m
  s0%t     = 293.585
  s0%q     = 19792.352812019697
  s0%o     = 0.021522125247012327
  s0%p     = 1013.70697
  s0%u     = 8.0
  s0%v     = 7.0
  s0%wfetc = 100000.0
/
