&s2m
  s0%t     = 286.606
  s0%q     = 3381.1391136317025
  s0%o     = 0.026527801515301177
  s0%p     = 839.59509
  s0%u     = 6.0
  s0%v     = -6.0
  s0%wfetc = 100000.0
/
