&s2m
  s0%t     = 236.952
  s0%q     = 110.10587536121696
  s0%o     = 0.033028862927672126
  s0%p     = 786.95422
  s0%u     = 2.0
  s0%v     = 8.0
  s0%wfetc = 100000.0
/
