&s2m
  s0%t     = 281.042
  s0%q     = 7896.971449745176
  s0%o     = 0.038145666975637316
  s0%p     = 996.90979
  s0%u     = -4.0
  s0%v     = -1.0
  s0%wfetc = 100000.0
/
