&s2m
  s0%t     = 295.807
  s0%q     = 4152.217205793926
  s0%o     = 0.053128180457736054
  s0%p     = 772.69928
  s0%u     = -6.0
  s0%v     = -4.0
  s0%wfetc = 100000.0
/
