&s2m
  s0%t     = 236.278
  s0%q     = 119.97240462068048
  s0%o     = 0.018260487690472144
  s0%p     = 803.105
  s0%u     = -3.91188
  s0%v     = 7.72729
  s0%wfetc = 100000.0
/
