&s2m
  s0%t     = 274.427
  s0%q     = 5025.79381081867
  s0%o     = 0.022316773957720245
  s0%p     = 991.68878
  s0%u     = -8.0
  s0%v     = -7.0
  s0%wfetc = 100000.0
/
