&s2m
  s0%t     = 231.176
  s0%q     = 62.150377839417345
  s0%o     = 0.0627558597981945
  s0%p     = 840.975
  s0%u     = -8.32582
  s0%v     = 5.96321
  s0%wfetc = 100000.0
/
