&s2m
  s0%t     = 241.254
  s0%q     = 192.52214777007669
  s0%o     = 0.04568232690390766
  s0%p     = 871.672
  s0%u     = -5.98323
  s0%v     = 3.89136
  s0%wfetc = 100000.0
/
