&s2m
  s0%t     = 259.96
  s0%q     = 1801.709309430445
  s0%o     = 0.0603806057015639
  s0%p     = 991.548
  s0%u     = -7.75952
  s0%v     = -7.39192
  s0%wfetc = 100000.0
/
