&s2m
  s0%t     = 287.2
  s0%q     = 12774.695440993544
  s0%o     = 0.020850198432286218
  s0%p     = 1055.2069882142487
  s0%u     = 4.0
  s0%v     = 1.0
  s0%wfetc = 100000.0
/
