&s2m
  s0%t     = 263.178
  s0%q     = 2355.7473502244416
  s0%o     = 0.024654582886883374
  s0%p     = 977.38452
  s0%u     = -8.0
  s0%v     = -7.0
  s0%wfetc = 100000.0
/
