&s2m
  s0%t     = 233.925
  s0%q     = 137.06550293313197
  s0%o     = 0.10362913129900352
  s0%p     = 1011.38
  s0%u     = 9.83632
  s0%v     = 3.53796
  s0%wfetc = 100000.0
/
