&s2m
  s0%t     = 214.32
  s0%q     = 11.491267949243488
  s0%o     = 0.03580588854021243
  s0%p     = 601.14728
  s0%u     = 2.0
  s0%v     = -2.0
  s0%wfetc = 100000.0
/
