&s2m
  s0%t     = 261.988
  s0%q     = 1524.4624659516096
  s0%o     = 0.0298251632390183
  s0%p     = 968.41431
  s0%u     = -4.0
  s0%v     = 9.0
  s0%wfetc = 100000.0
/
