&s2m
  s0%t     = 257.664
  s0%q     = 498.97190274773834
  s0%o     = 0.046954159497541476
  s0%p     = 906.34473
  s0%u     = -6.0
  s0%v     = 6.0
  s0%wfetc = 100000.0
/
