&s2m
  s0%t     = 315.244
  s0%q     = 12799.856449041303
  s0%o     = 0.025696596465542326
  s0%p     = 972.238
  s0%u     = 4.33342
  s0%v     = 0.988831
  s0%wfetc = 100000.0
/
