&s2m
  s0%t     = 300.86
  s0%q     = 34987.92764378011
  s0%o     = 0.0033830183995828427
  s0%p     = 1008.79
  s0%u     = -2.07465
  s0%v     = -6.63631
  s0%wfetc = 100000.0
/
