&s2m
  s0%t     = 277.785
  s0%q     = 3714.679705278478
  s0%o     = 0.026509956830658182
  s0%p     = 1003.55103
  s0%u     = 6.0
  s0%v     = -6.0
  s0%wfetc = 100000.0
/
