&s2m
  s0%t     = 299.205
  s0%q     = 28169.101686165483
  s0%o     = 0.02156891214026708
  s0%p     = 992.51288
  s0%u     = -8.0
  s0%v     = 3.0
  s0%wfetc = 100000.0
/
