&s2m
  s0%t     = 299.798
  s0%q     = 28349.175938077857
  s0%o     = 0.022155776420424763
  s0%p     = 987.25659
  s0%u     = -2.0
  s0%v     = 2.0
  s0%wfetc = 100000.0
/
