&s2m
  s0%t     = 300.301
  s0%q     = 32554.63333288508
  s0%o     = 0.017129394173134603
  s0%p     = 941.55188
  s0%u     = 0.0
  s0%v     = 5.0
  s0%wfetc = 100000.0
/
