&s2m
  s0%t     = 256.2
  s0%q     = 0.0008731190176759973
  s0%o     = 2.9835673423062777e-08
  s0%p     = 1030.0
  s0%u     = 10.0
  s0%v     = 3.0
  s0%wfetc = 50000.0
/
