&s2m
  s0%t     = 272.193
  s0%q     = 4674.546833453796
  s0%o     = 0.0006006267850814638
  s0%p     = 993.016
  s0%u     = 6.53387
  s0%v     = -6.62666
  s0%wfetc = 100000.0
/
