&s2m
  s0%t     = 305.766
  s0%q     = 35937.73401039037
  s0%o     = 0.24052039578755807
  s0%p     = 1013.25
  s0%u     = 0.0
  s0%v     = 0.0
  s0%wfetc = 100000.0
/
