&s2m
  s0%t     = 273.356
  s0%q     = 5504.246548977892
  s0%o     = 0.014158055038161636
  s0%p     = 970.487
  s0%u     = 11.5111
  s0%v     = -9.30948
  s0%wfetc = 100000.0
/
