&s2m
  s0%t     = 253.704
  s0%q     = 822.9911277208213
  s0%o     = 0.0248415387945826
  s0%p     = 988.54071
  s0%u     = -10.0
  s0%v     = -10.0
  s0%wfetc = 100000.0
/
