&s2m
  s0%t     = 274.633
  s0%q     = 10518.387437858082
  s0%o     = 0.027073008504990254
  s0%p     = 1000.0
  s0%u     = -4.0
  s0%v     = -1.0
  s0%wfetc = 100000.0
/
