&s2m
  s0%t     = 248.251
  s0%q     = 286.73076188999005
  s0%o     = 0.039136675092806605
  s0%p     = 878.73169
  s0%u     = 2.0
  s0%v     = -2.0
  s0%wfetc = 100000.0
/
