&s2m
  s0%t     = 295.419
  s0%q     = 20384.22057408115
  s0%o     = 0.07522461510120552
  s0%p     = 1017.08
  s0%u     = -6.15895
  s0%v     = -6.82153
  s0%wfetc = 100000.0
/
