&s2m
  s0%t     = 299.063
  s0%q     = 29418.15410467606
  s0%o     = 0.030680360490724045
  s0%p     = 1007.98
  s0%u     = -6.22443
  s0%v     = 0.168106
  s0%wfetc = 100000.0
/
