&s2m
  s0%t     = 252.667
  s0%q     = 903.61683939
  s0%o     = 0.21300660388568632
  s0%p     = 1018.9
  s0%u     = -1.31744
  s0%v     = -7.6794
  s0%wfetc = 100000.0
/
