&s2m
  s0%t     = 284.406
  s0%q     = 11593.318489441788
  s0%o     = 0.021656583435905236
  s0%p     = 1005.90198
  s0%u     = 8.0
  s0%v     = 7.0
  s0%wfetc = 100000.0
/
