&s2m
  s0%t     = 282.663
  s0%q     = 8093.185915613607
  s0%o     = 0.023356330560563635
  s0%p     = 995.9823
  s0%u     = 4.0
  s0%v     = 1.0
  s0%wfetc = 100000.0
/
