&s2m
  s0%t     = 211.063
  s0%q     = 7.382655495995444
  s0%o     = 0.008001770925245772
  s0%p     = 1000.0
  s0%u     = -8.0
  s0%v     = -7.0
  s0%wfetc = 100000.0
/
