&s2m
  s0%t     = 264.376
  s0%q     = 2382.105513932145
  s0%o     = 0.07434283584870406
  s0%p     = 975.945
  s0%u     = 10.8858
  s0%v     = 4.06105
  s0%wfetc = 100000.0
/
