&s2m
  s0%t     = 276.363
  s0%q     = 6814.789977827637
  s0%o     = 0.02419458762726613
  s0%p     = 1004.97699
  s0%u     = -4.0
  s0%v     = 9.0
  s0%wfetc = 100000.0
/
