&s2m
  s0%t     = 300.945
  s0%q     = 29407.873773329273
  s0%o     = 0.018395438449948842
  s0%p     = 999.35522
  s0%u     = -8.0
  s0%v     = -7.0
  s0%wfetc = 100000.0
/
