&s2m
  s0%t     = 273.336
  s0%q     = 5545.159745645501
  s0%o     = 0.018518340253280488
  s0%p     = 941.3642
  s0%u     = 2.0
  s0%v     = -2.0
  s0%wfetc = 100000.0
/
