&s2m
  s0%t     = 306.907
  s0%q     = 20081.75849856143
  s0%o     = 0.021602493617547514
  s0%p     = 983.94519
  s0%u     = -6.0
  s0%v     = 6.0
  s0%wfetc = 100000.0
/
