&s2m
  s0%t     = 274.002
  s0%q     = 5077.084633496979
  s0%o     = 0.054925398307161644
  s0%p     = 987.63
  s0%u     = 11.7012
  s0%v     = 11.7877
  s0%wfetc = 100000.0
/
