&s2m
  s0%t     = 297.602
  s0%q     = 17404.227618310673
  s0%o     = 0.02860365771276269
  s0%p     = 999.95477
  s0%u     = 0.0
  s0%v     = -5.0
  s0%wfetc = 100000.0
/
