&s2m
  s0%t     = 295.2
  s0%q     = 18414.5431701
  s0%o     = 0.032559189603
  s0%p     = 1013.0
  s0%u     = 0.0
  s0%v     = -7.0
  s0%wfetc = 50000.0
/
