&s2m
  s0%t     = 276.822
  s0%q     = 7113.6928096742395
  s0%o     = 0.019310943654436804
  s0%p     = 1007.422
  s0%u     = -6.0
  s0%v     = 6.0
  s0%wfetc = 100000.0
/
