&s2m
  s0%t     = 281.228
  s0%q     = 7448.761062594123
  s0%o     = 0.06006297596195862
  s0%p     = 1029.06
  s0%u     = -2.17683
  s0%v     = 10.2175
  s0%wfetc = 100000.0
/
