&s2m
  s0%t     = 297.276
  s0%q     = 24119.149670103987
  s0%o     = 0.07617448547297902
  s0%p     = 1015.61
  s0%u     = -6.95306
  s0%v     = -0.147278
  s0%wfetc = 100000.0
/
