&s2m
  s0%t     = 291.153
  s0%q     = 15699.785284751162
  s0%o     = 0.03198601663742967
  s0%p     = 1018.92102
  s0%u     = -8.0
  s0%v     = -7.0
  s0%wfetc = 100000.0
/
