&s2m
  s0%t     = 318.259
  s0%q     = 36051.94638945063
  s0%o     = 0.07577084756964114
  s0%p     = 1000.0
  s0%u     = -6.0
  s0%v     = -4.0
  s0%wfetc = 100000.0
/
