&s2m
  s0%t     = 242.16
  s0%q     = 310.88332150467846
  s0%o     = 0.02835618179458552
  s0%p     = 893.539
  s0%u     = 2.0
  s0%v     = 8.0
  s0%wfetc = 100000.0
/
