&s2m
  s0%t     = 254.79
  s0%q     = 754.2201614195312
  s0%o     = 0.07569485412307646
  s0%p     = 870.793
  s0%u     = 3.51287
  s0%v     = -4.46025
  s0%wfetc = 100000.0
/
