&s2m
  s0%t     = 287.91
  s0%q     = 12015.169720783217
  s0%o     = 0.011167666046132506
  s0%p     = 1014.51
  s0%u     = 5.74496
  s0%v     = -14.5551
  s0%wfetc = 100000.0
/
