&s2m
  s0%t     = 236.257
  s0%q     = 164.82782730852904
  s0%o     = 0.022993309437972603
  s0%p     = 949.93158
  s0%u     = -8.0
  s0%v     = 3.0
  s0%wfetc = 100000.0
/
