&s2m
  s0%t     = 264.826
  s0%q     = 1758.133522496174
  s0%o     = 0.02443167020947696
  s0%p     = 994.31097
  s0%u     = 6.0
  s0%v     = 4.0
  s0%wfetc = 100000.0
/
