&s2m
  s0%t     = 272.2
  s0%q     = 4396.584682044094
  s0%o     = 0.027657862877532816
  s0%p     = 1100.0
  s0%u     = -3.0
  s0%v     = -1.0
  s0%wfetc = 200000.0
/
