&s2m
  s0%t     = 282.123
  s0%q     = 9705.519695451965
  s0%o     = 0.03265842651872354
  s0%p     = 878.66132
  s0%u     = -2.0
  s0%v     = -8.0
  s0%wfetc = 100000.0
/
