&s2m
  s0%t     = 303.072
  s0%q     = 14804.144049032806
  s0%o     = 0.015329154920669077
  s0%p     = 992.31409
  s0%u     = 4.0
  s0%v     = -9.0
  s0%wfetc = 100000.0
/
